Hours Studied,Previous Scores,Extracurricular Activities,Sleep Hours,Sample Question Papers Practiced,Performance Index
7,99,Yes,9,1,91.0
4,82,No,4,2,65.0
8,51,Yes,7,2,45.0
5,52,Yes,5,2,36.0
7,75,No,8,5,66.0
3,78,No,9,6,61.0
7,73,Yes,5,6,63.0
8,45,Yes,4,6,42.0
5,77,No,8,2,61.0
4,89,No,4,0,69.0
8,91,No,4,5,84.0
8,79,No,6,2,73.0
3,47,No,9,2,27.0
6,47,No,4,2,33.0
5,79,No,7,8,68.0
2,72,No,4,3,43.0
8,73,Yes,8,4,67.0
6,83,Yes,7,2,70.0
2,54,Yes,4,9,30.0
5,75,No,7,0,63.0
1,99,Yes,4,3,71.0
6,96,No,9,0,85.0
9,74,Yes,7,6,73.0
1,85,No,5,6,57.0
3,61,No,6,3,35.0
7,62,Yes,7,4,49.0
4,79,No,8,9,66.0
9,84,Yes,6,6,83.0
3,94,Yes,6,5,74.0
5,90,Yes,4,3,74.0
3,61,Yes,7,3,39.0
7,44,Yes,9,1,36.0
5,70,Yes,6,9,58.0
9,52,Yes,8,1,47.0
7,67,Yes,9,3,60.0
2,97,Yes,9,4,74.0
4,59,No,8,3,42.0
9,72,No,8,2,68.0
2,55,Yes,4,1,32.0
9,68,No,5,3,64.0
5,62,No,7,4,45.0
2,63,Yes,6,0,39.0
4,73,Yes,7,0,58.0
7,46,No,9,5,36.0
8,77,Yes,6,4,71.0
3,76,Yes,4,3,54.0
1,43,Yes,7,0,17.0
4,73,No,4,6,54.0
2,81,Yes,4,3,58.0
8,61,No,7,2,53.0
4,44,Yes,7,6,27.0
2,89,Yes,6,1,65.0
6,81,No,9,9,75.0
6,62,Yes,9,0,52.0
4,93,No,8,3,78.0
6,99,No,4,7,91.0
2,54,Yes,9,5,33.0
2,70,Yes,5,8,47.0
4,98,No,6,0,78.0
8,48,No,6,0,38.0
7,82,Yes,8,4,70.0
9,97,Yes,8,5,98.0
8,92,Yes,4,7,87.0
5,64,Yes,6,2,49.0
2,64,Yes,6,5,41.0
5,88,No,5,2,71.0
8,60,No,4,7,54.0
9,48,No,4,3,42.0
9,94,No,9,1,91.0
1,87,Yes,8,8,61.0
9,77,No,9,9,74.0
7,61,Yes,4,7,54.0
9,82,Yes,5,5,81.0
8,62,Yes,4,2,52.0
1,88,Yes,9,1,65.0
8,43,Yes,7,3,36.0
8,68,No,7,3,61.0
3,54,Yes,5,0,35.0
1,40,Yes,8,8,15.0
8,93,Yes,6,9,88.0
3,69,No,4,7,45.0
3,68,Yes,9,6,49.0
1,59,Yes,8,5,33.0
5,72,Yes,9,2,60.0
7,80,No,8,3,71.0
9,83,Yes,4,1,81.0
7,75,No,6,6,67.0
9,99,No,4,1,95.0
8,61,Yes,6,9,58.0
2,52,No,9,0,29.0
1,46,No,5,5,21.0
7,47,Yes,6,3,38.0
7,67,Yes,8,7,60.0
8,84,Yes,5,0,76.0
5,82,Yes,9,8,69.0
3,48,No,7,5,30.0
8,64,No,5,1,57.0
6,95,Yes,6,7,81.0
3,55,Yes,5,4,36.0
1,49,Yes,9,4,25.0
3,50,No,5,4,27.0
5,70,Yes,9,6,61.0
3,51,No,7,6,34.0
1,99,No,6,9,76.0
5,70,No,8,6,57.0
7,53,No,5,9,45.0
7,90,Yes,4,1,76.0
9,83,Yes,8,7,83.0
3,71,Yes,5,0,50.0
7,89,No,8,1,81.0
1,92,No,4,6,66.0
4,56,Yes,8,3,38.0
4,74,No,8,9,56.0
5,40,No,4,9,25.0
7,68,No,4,8,56.0
7,90,Yes,4,8,82.0
4,43,Yes,7,2,23.0
7,62,Yes,9,2,56.0
3,67,No,9,8,46.0
6,55,Yes,4,9,43.0
2,51,Yes,9,7,30.0
9,92,Yes,8,0,92.0
5,60,No,4,5,45.0
6,84,No,5,6,70.0
4,56,No,4,7,36.0
7,79,No,4,1,71.0
9,52,No,9,0,49.0
7,91,Yes,6,3,82.0
1,97,Yes,8,0,71.0
1,71,No,9,1,43.0
9,76,No,8,2,77.0
9,89,Yes,5,3,86.0
4,54,No,7,5,34.0
9,51,No,6,7,49.0
3,88,No,5,8,69.0
7,96,No,5,3,84.0
6,54,No,8,0,41.0
8,73,Yes,6,4,68.0
9,45,Yes,8,4,44.0
5,56,No,7,8,41.0
1,87,No,8,5,58.0
3,88,Yes,4,4,68.0
8,96,No,8,9,94.0
6,59,Yes,4,9,47.0
8,48,No,5,4,40.0
9,98,Yes,7,7,100.0
4,44,Yes,9,0,23.0
1,62,No,4,4,36.0
1,72,No,7,0,47.0
4,77,Yes,8,6,60.0
7,95,No,9,6,83.0
2,53,Yes,8,9,33.0
3,56,No,5,7,36.0
1,96,No,8,6,74.0
5,58,No,4,8,42.0
1,72,Yes,5,7,47.0
8,40,Yes,7,7,31.0
1,52,No,5,2,26.0
1,85,Yes,7,9,58.0
2,66,No,6,3,42.0
2,45,Yes,4,3,18.0
6,98,No,4,0,85.0
7,45,Yes,7,5,36.0
5,72,Yes,8,1,58.0
1,69,Yes,9,8,45.0
1,85,Yes,8,0,60.0
3,74,Yes,6,0,56.0
2,62,Yes,7,9,42.0
5,49,No,6,5,33.0
6,90,No,7,0,77.0
7,58,Yes,6,2,51.0
4,90,No,7,9,72.0
7,67,Yes,4,1,57.0
8,62,No,6,8,53.0
1,43,No,6,4,16.0
6,59,No,7,5,45.0
8,58,No,5,1,49.0
5,81,Yes,5,7,67.0
4,66,No,4,5,49.0
2,96,No,8,7,73.0
6,73,No,8,7,65.0
6,43,Yes,4,0,27.0
1,95,No,8,6,72.0
9,77,Yes,9,1,74.0
6,46,Yes,9,7,38.0
3,87,No,9,1,67.0
4,46,Yes,9,3,28.0
4,89,No,7,1,73.0
3,91,No,5,6,72.0
3,65,No,4,4,42.0
3,65,No,7,8,47.0
4,93,No,9,4,77.0
7,58,No,4,7,49.0
4,48,No,5,1,30.0
9,59,Yes,8,2,54.0
1,81,Yes,7,5,56.0
8,84,No,5,6,75.0
7,89,No,4,9,78.0
2,55,Yes,6,7,32.0